### reduction factor

eps | instr# | mem load# | time
--- | --- | --- | ---
0.1 | 2.079 | 2.221 | 1.488
0.2 | 2.046 | 2.172 | 1.432
0.3 | 2.020 | 2.139 | 1.392
0.4 | 2.001 | 2.107 | 1.359
0.5 | 1.986 | 2.072 | 1.334
0.6 | 1.984 | 2.035 | 1.319
0.7 | 1.965 | 1.963 | 1.253
0.8 | 1.948 | 1.972 | 1.234
0.9 | 1.929 | 2.318 | 1.153

### reduction detail

eps | opt instr# | prev instr# | opt mem load# | prev mem load# | opt time | prev time
--- | --- | --- | --- | --- | --- | ---
0.1 | 7945.460b | 16517.540b | 1070.752b | 2378.671b | 2950.595 | 4389.779
0.2 | 8224.260b | 16827.280b | 1117.864b | 2428.163b | 3289.162 | 4710.363
0.3 | 6193.440b | 12513.700b | 843.665b | 1804.514b | 2624.217 | 3654.203
0.4 | 4328.880b | 8661.160b | 599.218b | 1262.488b | 1927.003 | 2619.621
0.5 | 2844.780b | 5650.800b | 393.272b | 814.964b | 1333.587 | 1778.449
0.6 | 1718.360b | 3408.500b | 242.347b | 493.165b | 846.866 | 1116.701
0.7 | 912.560b | 1793.500b | 126.494b | 248.367b | 496.112 | 621.388
0.8 | 381.820b | 743.920b | 53.062b | 104.653b | 239.664 | 295.809
0.9 | 90.440b | 174.420b | 11.900b | 27.581b | 78.223 | 90.211

### ppscan0(opt) bound ratio

eps | front-end | bad-spec | back-end-core | back-end-mem | retired-instr
--- | --- | --- | --- | --- | ---
0.1 | 0.261 | 0.410 | 0.041 | 0.020 | 0.267
0.2 | 0.269 | 0.412 | 0.046 | 0.025 | 0.249
0.3 | 0.272 | 0.414 | 0.050 | 0.029 | 0.235
0.4 | 0.273 | 0.413 | 0.056 | 0.035 | 0.223
0.5 | 0.273 | 0.404 | 0.065 | 0.047 | 0.211
0.6 | 0.269 | 0.391 | 0.077 | 0.064 | 0.199
0.7 | 0.258 | 0.362 | 0.096 | 0.101 | 0.183
0.8 | 0.234 | 0.322 | 0.114 | 0.170 | 0.159
0.9 | 0.183 | 0.243 | 0.121 | 0.340 | 0.113

### ppscan1(prev) bound ratio

eps | front-end | bad-spec | back-end-core | back-end-mem | retired-instr
--- | --- | --- | --- | --- | ---
0.1 | 0.189 | 0.343 | 0.041 | 0.015 | 0.412
0.2 | 0.195 | 0.358 | 0.040 | 0.016 | 0.391
0.3 | 0.191 | 0.369 | 0.045 | 0.019 | 0.377
0.4 | 0.191 | 0.379 | 0.047 | 0.022 | 0.362
0.5 | 0.193 | 0.381 | 0.053 | 0.027 | 0.346
0.6 | 0.192 | 0.379 | 0.060 | 0.036 | 0.333
0.7 | 0.192 | 0.364 | 0.073 | 0.058 | 0.313
0.8 | 0.182 | 0.333 | 0.094 | 0.110 | 0.280
0.9 | 0.156 | 0.266 | 0.121 | 0.247 | 0.210

