### reduction factor

eps | instr# | mem load# | time
--- | --- | --- | ---
0.1 | 2.079 | 2.221 | 1.488
0.2 | 2.046 | 2.172 | 1.432
0.3 | 2.020 | 2.139 | 1.392
0.4 | 2.001 | 2.107 | 1.359
0.5 | 1.986 | 2.072 | 1.334
0.6 | 1.984 | 2.035 | 1.319
0.7 | 1.965 | 1.963 | 1.253
0.8 | 1.948 | 1.972 | 1.234
0.9 | 1.929 | 2.318 | 1.153

### reduction detail

eps | opt instr# | prev instr# | opt mem load# | prev mem load# | opt time | prev time
--- | --- | --- | --- | --- | --- | ---
0.1 | 7945.460b | 16517.540b | 1070.752b | 2378.671b | 2950.595 | 4389.779
0.2 | 8224.260b | 16827.280b | 1117.864b | 2428.163b | 3289.162 | 4710.363
0.3 | 6193.440b | 12513.700b | 843.665b | 1804.514b | 2624.217 | 3654.203
0.4 | 4328.880b | 8661.160b | 599.218b | 1262.488b | 1927.003 | 2619.621
0.5 | 2844.780b | 5650.800b | 393.272b | 814.964b | 1333.587 | 1778.449
0.6 | 1718.360b | 3408.500b | 242.347b | 493.165b | 846.866 | 1116.701
0.7 | 912.560b | 1793.500b | 126.494b | 248.367b | 496.112 | 621.388
0.8 | 381.820b | 743.920b | 53.062b | 104.653b | 239.664 | 295.809
0.9 | 90.440b | 174.420b | 11.900b | 27.581b | 78.223 | 90.211

### ppscan0(opt) bound ratio

eps | front-end | bad-spec | back-end-core | back-end-mem | retired-instr
--- | --- | --- | --- | --- | ---
0.1 | 26.1 | 41.0 | 4.1 | 2.0 | 26.7
0.2 | 26.9 | 41.2 | 4.6 | 2.5 | 24.9
0.3 | 27.2 | 41.4 | 5.0 | 2.9 | 23.5
0.4 | 27.3 | 41.3 | 5.6 | 3.5 | 22.3
0.5 | 27.3 | 40.4 | 6.5 | 4.7 | 21.1
0.6 | 26.9 | 39.1 | 7.7 | 6.4 | 19.9
0.7 | 25.8 | 36.2 | 9.6 | 10.1 | 18.3
0.8 | 23.4 | 32.2 | 11.4 | 17.0 | 15.9
0.9 | 18.3 | 24.3 | 12.1 | 34.0 | 11.3

### ppscan1(prev) bound ratio

eps | front-end | bad-spec | back-end-core | back-end-mem | retired-instr
--- | --- | --- | --- | --- | ---
0.1 | 18.9 | 34.3 | 4.1 | 1.5 | 41.2
0.2 | 19.5 | 35.8 | 4.0 | 1.6 | 39.1
0.3 | 19.1 | 36.9 | 4.5 | 1.9 | 37.7
0.4 | 19.1 | 37.9 | 4.7 | 2.2 | 36.2
0.5 | 19.3 | 38.1 | 5.3 | 2.7 | 34.6
0.6 | 19.2 | 37.9 | 6.0 | 3.6 | 33.3
0.7 | 19.2 | 36.4 | 7.3 | 5.8 | 31.3
0.8 | 18.2 | 33.3 | 9.4 | 11.0 | 28.0
0.9 | 15.6 | 26.6 | 12.1 | 24.7 | 21.0

