### reduction factor

eps | instr# | mem load# | time
--- | --- | --- | ---
0.1 | 2.200 | 2.468 | 1.604
0.2 | 2.104 | 2.301 | 1.468
0.3 | 2.053 | 2.187 | 1.404
0.4 | 2.019 | 2.032 | 1.361
0.5 | 1.998 | 2.108 | 1.325
0.6 | 1.966 | 2.073 | 1.311
0.7 | 1.990 | 1.925 | 1.267
0.8 | 2.001 | 1.804 | 1.224
0.9 | 1.978 | 2.110 | 1.111

### reduction detail

eps | opt instr# | prev instr# | opt mem load# | prev mem load# | opt time | prev time
--- | --- | --- | --- | --- | --- | ---
0.1 | 224.910b | 494.768b | 28.211b | 69.617b | 74.686 | 119.782
0.2 | 302.430b | 636.276b | 40.811b | 93.894b | 116.515 | 171.082
0.3 | 264.962b | 543.898b | 35.596b | 77.849b | 112.479 | 157.905
0.4 | 210.494b | 425.000b | 29.744b | 60.454b | 95.556 | 130.082
0.5 | 149.396b | 298.520b | 20.658b | 43.555b | 72.079 | 95.526
0.6 | 95.710b | 188.122b | 13.440b | 27.868b | 48.382 | 63.438
0.7 | 52.938b | 105.332b | 7.497b | 14.434b | 29.071 | 36.834
0.8 | 23.188b | 46.410b | 3.990b | 7.196b | 14.456 | 17.693
0.9 | 6.052b | 11.968b | 0.700b | 1.477b | 4.665 | 5.185

### ppscan0(opt) bound ratio

eps | front-end | bad-spec | back-end-core | back-end-mem | retired-instr
--- | --- | --- | --- | --- | ---
0.1 | 24.4 | 38.6 | 4.5 | 2.3 | 30.1
0.2 | 26.4 | 41.1 | 5.4 | 2.7 | 24.4
0.3 | 26.0 | 42.7 | 4.9 | 2.5 | 23.9
0.4 | 27.4 | 42.9 | 5.5 | 2.8 | 21.4
0.5 | 26.0 | 42.9 | 6.6 | 3.7 | 20.8
0.6 | 26.4 | 42.3 | 7.2 | 4.5 | 19.7
0.7 | 26.0 | 39.8 | 8.7 | 6.5 | 19.0
0.8 | 22.8 | 40.8 | 8.8 | 7.6 | 20.0
0.9 | 21.8 | 37.0 | 9.9 | 13.0 | 18.2

### ppscan1(prev) bound ratio

eps | front-end | bad-spec | back-end-core | back-end-mem | retired-instr
--- | --- | --- | --- | --- | ---
0.1 | 18.2 | 29.6 | 4.3 | 1.7 | 46.1
0.2 | 19.3 | 34.1 | 4.7 | 1.7 | 40.2
0.3 | 19.5 | 36.9 | 4.0 | 1.5 | 38.1
0.4 | 19.5 | 37.9 | 5.1 | 2.1 | 35.4
0.5 | 19.4 | 39.3 | 5.3 | 2.2 | 33.8
0.6 | 19.3 | 39.2 | 6.1 | 3.0 | 32.4
0.7 | 20.1 | 39.4 | 5.0 | 2.4 | 33.1
0.8 | 18.5 | 41.1 | 3.8 | 2.6 | 33.9
0.9 | 16.6 | 36.4 | 10.2 | 10.7 | 26.1

