### reduction factor

eps | instr# | mem load# | time
--- | --- | --- | ---
0.1 | 2.411 | 2.630 | 1.942
0.2 | 2.242 | 2.403 | 1.657
0.3 | 2.133 | 2.373 | 1.523
0.4 | 2.092 | 2.224 | 1.471
0.5 | 2.068 | 2.257 | 1.455
0.6 | 2.061 | 2.144 | 1.451
0.7 | 2.049 | 2.177 | 1.444
0.8 | 2.023 | 2.384 | 1.454
0.9 | 1.991 | 2.073 | 1.414

### reduction detail

eps | opt instr# | prev instr# | opt mem load# | prev mem load# | opt time | prev time
--- | --- | --- | --- | --- | --- | ---
0.1 | 4705.260b | 11342.740b | 600.268b | 1578.617b | 1180.937 | 2293.642
0.2 | 6934.980b | 15549.900b | 909.117b | 2184.486b | 2189.445 | 3627.329
0.3 | 5449.860b | 11625.280b | 697.361b | 1654.640b | 1964.866 | 2992.854
0.4 | 3566.260b | 7461.300b | 472.864b | 1051.642b | 1371.150 | 2017.014
0.5 | 2186.880b | 4522.340b | 288.759b | 651.650b | 869.544 | 1264.955
0.6 | 1272.960b | 2623.100b | 176.545b | 378.571b | 510.298 | 740.671
0.7 | 683.740b | 1400.800b | 90.163b | 196.286b | 271.233 | 391.714
0.8 | 306.340b | 619.820b | 36.261b | 86.453b | 120.681 | 175.427
0.9 | 72.080b | 143.480b | 8.680b | 17.991b | 29.671 | 41.959

### ppscan0(opt) bound ratio

eps | front-end | bad-spec | back-end-core | back-end-mem | retired-instr
--- | --- | --- | --- | --- | ---
0.1 | 22.5 | 31.6 | 4.1 | 2.1 | 39.8
0.2 | 23.1 | 40.1 | 3.6 | 1.4 | 31.8
0.3 | 23.8 | 43.7 | 3.5 | 1.3 | 27.7
0.4 | 24.2 | 44.9 | 3.6 | 1.3 | 26.1
0.5 | 24.6 | 45.4 | 3.7 | 1.3 | 25.0
0.6 | 25.0 | 45.1 | 3.7 | 1.4 | 24.8
0.7 | 25.7 | 44.1 | 3.7 | 1.5 | 25.1
0.8 | 25.5 | 42.4 | 5.2 | 2.2 | 24.8
0.9 | 25.2 | 41.8 | 7.3 | 3.9 | 21.7

### ppscan1(prev) bound ratio

eps | front-end | bad-spec | back-end-core | back-end-mem | retired-instr
--- | --- | --- | --- | --- | ---
0.1 | 16.3 | 20.6 | 6.6 | 2.4 | 54.1
0.2 | 19.3 | 30.1 | 4.0 | 1.2 | 45.3
0.3 | 19.3 | 33.9 | 3.7 | 1.0 | 42.1
0.4 | 19.2 | 35.6 | 3.7 | 1.0 | 40.5
0.5 | 19.2 | 36.8 | 3.7 | 1.0 | 39.3
0.6 | 19.3 | 37.0 | 3.9 | 1.1 | 38.7
0.7 | 19.3 | 36.9 | 3.6 | 1.1 | 39.1
0.8 | 19.7 | 37.1 | 3.3 | 1.1 | 38.8
0.9 | 19.4 | 36.4 | 5.6 | 2.2 | 36.4

