### reduction factor

eps | instr# | mem load# | time
--- | --- | --- | ---
0.1 | 2.200 | 2.468 | 1.604
0.2 | 2.104 | 2.301 | 1.468
0.3 | 2.053 | 2.187 | 1.404
0.4 | 2.019 | 2.032 | 1.361
0.5 | 1.998 | 2.108 | 1.325
0.6 | 1.966 | 2.073 | 1.311
0.7 | 1.990 | 1.925 | 1.267
0.8 | 2.001 | 1.804 | 1.224
0.9 | 1.978 | 2.110 | 1.111

### reduction detail

eps | opt instr# | prev instr# | opt mem load# | prev mem load# | opt time | prev time
--- | --- | --- | --- | --- | --- | ---
0.1 | 224.910b | 494.768b | 28.211b | 69.617b | 74.686 | 119.782
0.2 | 302.430b | 636.276b | 40.811b | 93.894b | 116.515 | 171.082
0.3 | 264.962b | 543.898b | 35.596b | 77.849b | 112.479 | 157.905
0.4 | 210.494b | 425.000b | 29.744b | 60.454b | 95.556 | 130.082
0.5 | 149.396b | 298.520b | 20.658b | 43.555b | 72.079 | 95.526
0.6 | 95.710b | 188.122b | 13.440b | 27.868b | 48.382 | 63.438
0.7 | 52.938b | 105.332b | 7.497b | 14.434b | 29.071 | 36.834
0.8 | 23.188b | 46.410b | 3.990b | 7.196b | 14.456 | 17.693
0.9 | 6.052b | 11.968b | 0.700b | 1.477b | 4.665 | 5.185

### ppscan0(opt) bound ratio

eps | front-end | bad-spec | back-end-core | back-end-mem | retired-instr
--- | --- | --- | --- | --- | ---
0.1 | 0.244 | 0.386 | 0.045 | 0.023 | 0.301
0.2 | 0.264 | 0.411 | 0.054 | 0.027 | 0.244
0.3 | 0.260 | 0.427 | 0.049 | 0.025 | 0.239
0.4 | 0.274 | 0.429 | 0.055 | 0.028 | 0.214
0.5 | 0.260 | 0.429 | 0.066 | 0.037 | 0.208
0.6 | 0.264 | 0.423 | 0.072 | 0.045 | 0.197
0.7 | 0.260 | 0.398 | 0.087 | 0.065 | 0.190
0.8 | 0.228 | 0.408 | 0.088 | 0.076 | 0.200
0.9 | 0.218 | 0.370 | 0.099 | 0.130 | 0.182

### ppscan1(prev) bound ratio

eps | front-end | bad-spec | back-end-core | back-end-mem | retired-instr
--- | --- | --- | --- | --- | ---
0.1 | 0.182 | 0.296 | 0.043 | 0.017 | 0.461
0.2 | 0.193 | 0.341 | 0.047 | 0.017 | 0.402
0.3 | 0.195 | 0.369 | 0.040 | 0.015 | 0.381
0.4 | 0.195 | 0.379 | 0.051 | 0.021 | 0.354
0.5 | 0.194 | 0.393 | 0.053 | 0.022 | 0.338
0.6 | 0.193 | 0.392 | 0.061 | 0.030 | 0.324
0.7 | 0.201 | 0.394 | 0.050 | 0.024 | 0.331
0.8 | 0.185 | 0.411 | 0.038 | 0.026 | 0.339
0.9 | 0.166 | 0.364 | 0.102 | 0.107 | 0.261

